0000000000000000000000000000000000000000
0111111111111101111101111110111011111110
0001010100000101010111000011101111000010
000111000011101000000000000001000000000
0010111010101111101010101010101110111110
0010011111000001001111100000100010100010
0010001010000001000000000000000010000000
0011111000110011001010101010101011111110
0000011111000001001111100000100000100010
0101111111111111110110111011101111111000
0001000100000101010100100010101001000010
0000000011010011000000100110010011000000
0010101010011010001111100010010010111110
0000011111000010101011110111010111000110
0101010000101011000001101000101010010010
0001110010111001110110101010101010010010
0010010010100000010010111000101010010010
0111111110100011110010000010101010010010
0100001000101010010011100100101110010010
0100111000101011011111111111111111111110
0000000000000000000000000000000000000000
