0000000000000000000000000000000000000000
0111111111111111010011111000111100100010
0101000000000001001001010111100100111110
0111111010110001001001011100100100101000
0100000011100011001001000100110110101000
0111111100010010001000000001101111101110
0001100100000011111111111111000010000010
0111000111101000100010001000000110000010
0100000100100000100000001000001100111110
0101111100111111011110001111111000000010
0101000100101000100010000000001011101110
0111000100101111000010000000001010010010
0001000100101001000111001111101010010010
0101100100001001000001101000101010010010
0000111000111001110110101000101010010010
0000001000100000010010111000101010010010
0111111100100011110010000000101010010010
0101001000100010010011100000101110010010
0101001111111110010000100000100000010010
0101000001000000011111111111111111111110
0000000000000000000000000000000000000000
