0000000000000000000000000000000000000000
0111111000000011111111000000001111111000
0000100000011111111111111000010000010000
0100100111100000010000001000000110000010
0000100100100000100110001000001100000010
0111111100111110011110001111111000000010
0001000100001000000010000001001011111110
0111111000001111000011110001001010010010
0000001000111111111000000000011111111100
0010101010101010101010101100001010111110
0000011111000000001111100000111000100010
0101111111110111110111111011101111111000
0001000100000101010100000010101001010010
0000011111100010010111111111100001010000
0111101111111010101000001000000110010010
0000000100100010010000001000001100010010
0101111100111111111110001111111000010010
0001000100001000000010000000011001100110
0010101010101010101010101111111111000000
0000111111111110000111111000001111111110
0000000000000000000000000000000000000000
