0000000000000000000000000000000000000000
0111100111100011111101101111111010010100
0000101100101010100100000010100011110110
0111101010101010010101111010101010010010
0100001010101010100101001010101010110100
0111111001101010010101101010101010010110
0100001001001110010101011010101011010010
0101111001001001001101001000101010010010
0000001001111010000101101011111010011110
0111111010010001001101001010010010000010
0101000001001111111001011010010110111010
0100111111111000000001001010110010101010
0101110000000011111001101010011010101010
0100111111100010101001001111010010101010
0100000000100110001001100000010110101010
0111111100100101001001001111101010101010
0100000000100100101001001010010011101010
0010111111100100101001101010001010001010
0010100000010100101001001011110001001010
0100111111111101101111011000011111111010
0000000000000000000000000000000000000000
