0000000000000000000000000000000000000000
0111100000001111100000000001010101010110
0101001100011000010101111111111111110010
0100001010000000000010001000100000111110
0111111111111111100100000100010000000100
0000100000100000000011111111111111111110
0000100001000001111111000000100000100000
0011111111111111000000000011111111111110
0100001110000001111000000000010001000010
0000011011111100000011111111111001111110
0000011000000011111111111111001100100100
0000111000000011111000001010000111111110
0111110000000000001000000110010001010010
0000000000011111111110000100001111111100
0111111111111001100111111111111100000000
0100000000001001011111000000001111110010
0000011111111001010111111111000000011010
0011111000001001010000100001000100101010
0011111000000000111111110010000000001000
0000000000111111100000001011111111111110
0000000000000000000000000000000000000000
