0000000000000000000000000000000000000000
0100001010001001000011110010001111111000
0101111110011111000111001100111100111010
0101000010000000000000001111100011110010
0111000011001111110000000011110000101110
0000001111111000000000111111001000111010
011110001000111111000000111110000101010
0111110011000001111111111000010000101110
0000001001100110011000010000100000101000
0111000011100000010001110001000011001100
0111111110010000100000001111111111100100
0100010000001101110011000000110000000111
0101011111111100000000111111100000001110
0011100000011111111110000011111110001000
0000111000000100100011110100100010001000
0000010000000010000000010010101011101010
0000010011100111110001010010110010101010
0100111111111110000111111010111111101000
0100100100010010000000001111101011111110
0100000000000011111111111000000000000010
0000000000000000000000000000000000000000
