0000000000000000000000000000000000000000
0111111111111100000000000000111111111000
0101100001110000011110001110001110001110
0100000001010001000100100110000100000010
0100000011000110101101010011011011000010
0111000010000010001000100010000010000100
0111000111110010111110101111001011110010
0011111000100011101001011000001000100010
0110010011011101001001000110011001110010
0000010010100001000000000000010000000110
0011110110101111000011110000111100000100
0010000100101001001110001000010010000100
0111100000101001011000010000100100000100
0100111111101001010000010010100110011100
0100100000001001010010010010100010000000
0100101111001001110010010010100010101110
0100101001001000100010011111100010101010
0000111001111000100100000100010010101010
0100000000000000010110000110010010001010
0101111000011110001011100010110011111010
0000000000000000000000000000000000000000
